5
28
3
-0.41719123073793585
-4.939848868701918194e-01 7.885303615548097111e-01 -2.126996330941344215e-01
2.361084076102883955e-01 5.340573676551545468e-01 6.406677807164264937e-01
2.927203244578509000e-01 1.802932379223149417e-01 -1.719476921369262057e-01
1.402711902662629573e+00 -9.387826240101374564e-01 -1.814776054937150773e+00
-3.859882137080667963e-01 8.307379967300917434e-01 -6.430158625544060147e-01
-1.592243622388565427e+00 -4.210949182088289944e-01 -1.393419732727345650e+00
1.912108573583751747e-01 -1.011724576894055483e+00 -9.738887182404549758e-01
6.057075717299328366e-01 1.381794329021013734e+00 -1.653401333196823364e+00
8.711331512396410792e-01 -4.599689893713797550e-01 -4.887204879512153655e-01
2.304757518675932537e-01 -8.330424488310121944e-01 -4.273387868883927743e-01
-1.798400355661289307e-01 5.874497914433916002e-01 -3.730269481942929954e-01
2.001776875761481778e-01 -2.258421041321603262e+00 1.381625113815236894e+00
1.248229679862300628e-01 1.778048348145883917e-01 5.960738409398487203e-01
4.933380143871663598e-02 -3.023647258267291860e-01 1.490977295752108800e+00
5.110053161481687978e-01 4.578045597007999734e-01 -8.580222678417004367e-01
-6.171840158837939017e-01 -6.864803652671900291e-01 2.631663067565739311e-01
8.549850821547946289e-01 1.133599980196881907e+00 6.874028960888852735e-01
3.341800530224250942e-01 -1.644156848667023052e+00 1.723738098870168933e+00
-9.278729554501360388e-01 -9.290950426672004436e-01 -4.058332266177688274e-01
1.291052454166323971e+00 1.491528002829207944e+00 -1.260508217967204248e+00
-9.216617362617494924e-02 -1.534364986718201873e+00 -1.456157750515978622e+00
-1.605656977179048095e+00 3.810271893668256027e+00 -5.051167307260833184e-01
2.632900045525324480e-03 -7.281201273740663948e-01 1.375904839762124743e+00
2.411874329668658667e+00 -4.969430919834653126e-01 1.244127773179361851e+00
1.659191869231225525e+00 2.051901318659711482e+00 -4.459484488054860640e-01
-3.170714824000830379e-01 2.462591454845931283e-01 6.591667803580686380e-01
2.065303059684898912e+00 8.284952304209795004e-01 -9.000481721518335254e-01
3.612981389637920371e-01 9.423442833133828245e-01 1.791194160564511195e+00
26
3
2.206900044945882
7.695829055358449633e-01 -1.412083512426161702e+00 -2.165642852530005047e-01
5.296179717333465709e-01 5.285137180384988920e-01 3.200270817665060163e-02
-5.834826539932630451e-01 -8.891851732403271589e-04 7.205421318781632944e-01
-1.982703824425334327e+00 -3.647257133632065274e-01 6.384067044031627169e-01
1.870379812598906358e-02 -4.004658854298493997e-01 6.441269545758190329e-01
-8.235479272000169326e-02 -2.813680574330151285e-01 -3.603605745761563894e-01
-9.397668627155627563e-01 -6.691285920025353828e-01 5.735506471075554336e-01
1.413540650183446434e+00 7.186925858466252093e-01 8.935744007869120820e-01
-6.371800661646842556e-02 -2.061932753099762650e+00 -8.413130515325299985e-01
5.350901379853481021e-01 -7.592494911946560954e-02 -3.474898486356560179e-01
-3.719710534505262789e-01 1.357600484330012014e+00 -2.133577255869439915e-01
4.886215106105294415e-01 -2.035681751916841864e-01 1.390290982961192245e+00
4.909906599924299120e-01 -1.964643563235589085e-01 -8.442691871551428751e-01
6.135143021376761041e-01 2.229042342368122986e-01 -7.322687521933712862e-01
-1.090483274386306656e+00 9.825948553723591328e-01 -8.220029925561869177e-01
1.189040862959286571e+00 5.077171044393856414e-02 -4.791230263235371489e-01
1.363487806787310630e+00 2.321150431463253616e-01 -1.147086813561942309e+00
1.464157383390809253e+00 -1.742314749590163858e+00 -1.939249063653266436e+00
-1.361029661531116153e+00 3.166097112997446339e-01 1.117626364553698792e+00
-9.052366598815519971e-01 6.407482953719492169e-01 9.194963468011502217e-01
-1.189077462403560936e+00 1.771206148782363821e+00 -9.903197928780056447e-01
3.986687617375809234e-01 -1.534627534675685023e+00 4.644947329412049131e-01
7.224083356755698349e-01 -9.315736612669912597e-01 -4.344356010695060721e-01
4.874246248821155203e-01 2.296077097530820232e+00 -1.564832641689541948e-01
-1.308080622677793237e+00 4.932583578064699270e-01 -1.257646795067961065e+00
6.309681926880709169e-01 1.532410955899677685e+00 -3.346057964673941898e-01
24
3
0.3407469899893586
4.078679726332545830e-01 5.146499309181761239e-01 6.273791609556568227e-01
-4.696050023947091479e-01 2.573946866387958887e-01 -1.070065711162850874e+00
1.246207443248737556e+00 -3.564289880054642978e-01 1.389341556986764648e+00
-7.899726134120690357e-01 1.427863386854642869e+00 -2.752471239476752984e+00
-1.555750814747696831e+00 -7.343106066219809991e-01 -5.361476922535254319e-01
9.713599540428667911e-01 -9.880154663846734131e-01 6.557993061111926369e-01
-1.297336258448384294e+00 1.406284110378230590e-01 -1.460847645048503285e+00
-6.032874722108241272e-01 4.405062983772354279e-01 -7.599255825969025713e-01
1.532562015120985999e+00 1.423184780503140123e+00 -1.892615285334186756e-02
7.240050628606896632e-01 3.467720092133961818e-01 -2.200170671583833726e-01
7.651468264863273694e-01 3.141613632966991920e-01 5.907419988918752862e-01
1.167265718129529173e+00 8.398959400687617816e-01 -1.947697915276582759e-01
1.959635551151096278e-01 4.237711408489362452e-01 8.091267532739266910e-01
3.273851244335851951e-01 8.837243835469126285e-01 -1.358276921613816191e+00
1.445571248816593046e+00 9.076684917663492280e-01 -8.874994989199352924e-01
2.040184694907833940e+00 -4.266056078114218164e-01 7.995310552426988515e-01
1.891824186019176235e+00 -4.934993506977247701e-01 1.300347409911108976e+00
7.415905879026978009e-02 6.960762539494333989e-01 2.532265126700398827e+00
-2.054078915520406223e+00 7.794492715421069695e-01 -2.241968991160611935e-01
2.080828279768312181e-02 8.158772401300667942e-01 -7.698054377655915159e-01
3.868287340781405292e-02 2.628139318703876307e-02 -1.686741304462845870e+00
2.191696667515199426e-01 -1.558572891667189486e+00 -1.420300389201449409e+00
-2.468284456742934285e+00 1.174859978775236069e+00 -8.264157200054323971e-01
-6.041381244636118142e-01 -6.402174877656151286e-02 -2.153101213368471545e-01
22
3
-0.2404807007421477
-1.197472784224379444e-01 1.449571337144714700e-01 6.311243803186775692e-01
-4.087875244626751337e-01 4.890274831058633587e-01 2.835613900523791253e-01
7.555660233968215511e-01 5.269965653905527292e-01 8.145160926346438623e-01
7.479405226006604623e-01 1.266588162536230522e+00 2.103585502311754230e+00
1.214606109176257442e+00 -4.472169023169341728e-01 -2.091854646465220735e-01
-3.553722369751050048e-01 2.647809966365400891e-01 -1.630734154256586299e+00
1.231490309323752363e+00 -1.948998669628519087e+00 -7.234317998267567607e-01
1.835337762151445729e+00 -3.103339354814655393e-01 -9.858139723437472357e-01
-3.565935488474556436e-01 2.623812970077268325e-01 9.640920258280524235e-01
-4.147849803883338349e-01 -1.515036158849753400e+00 4.148645884571883768e-01
-6.563446372479811997e-01 -3.047110244716008665e-01 4.682190273166954575e-01
1.512183759228919788e+00 -6.622611675908030016e-01 3.697282191568975196e-01
6.415313734743620655e-01 2.451786761215274946e-01 7.864292474889029300e-03
-6.820602558474614385e-01 -4.664914568829163777e-01 -1.366029346227490837e+00
1.317901367811883384e-01 1.577581277815544913e+00 6.381240830924866936e-01
1.277450713023157158e+00 8.109980395843814360e-01 2.599763240561827615e-01
1.727592333089972287e-01 -1.055371131374169158e+00 4.086612509858789100e-01
-9.543519655400438673e-01 -6.997901753142263814e-01 -1.672219585565118738e+00
-2.705183014243652817e-01 1.347354032400251755e+00 1.087537049004613926e-01
-4.730543825959501181e-01 -1.213074120614552998e+00 -6.586193507891831000e-01
7.953542945128756758e-02 6.981847268962657616e-01 -3.826646486850646123e-01
9.939446625942485181e-01 1.086472808539965085e+00 4.802526722781930157e-01
