30
1.126527650468523101e+00
-1.181629907650589617e+00
7.703935074537149319e-01
-2.062335631722332363e-01
-1.476362897006588293e+00
1.159605676596770163e+00
4.942417743294031940e-01
9.052359595870528297e-01
7.587246659323325371e-02
2.539834526867236764e-01
1.130930083119334073e+00
7.297537422659575723e-01
-2.166783652277758931e-01
4.475615306658900505e-01
-2.859012815985907952e-01
-9.049467159605155686e-01
-2.330878253291023550e-01
2.197391240527684975e+00
5.067348007774071794e-01
1.819164663154059225e+00
5.553945158571388374e-01
-2.062675888090077958e+00
5.100067566578228018e-01
2.945880724732772848e-01
-3.217502338599899647e-01
5.424553430836490664e-01
7.154244753305047944e-01
5.784047983452330621e-01
-2.087622574895914573e-01
6.922233823459221780e-01
